flow            send-CPU  recv-CPU  send-Mbps  recv-Mbps
internet_21000  10.655    5.144     149.999    149.473
internet_21001  10.675    5.77      149.999    149.989
internet_21002  10.444    4.586     149.999    149.225
internet_21003  10.836    4.461     149.999    149.997
internet_22000  7.274     2.687     80         79.948
internet_22001  8.547     2.923     80         79.958
internet_22002  6.504     2.698     80         79.964
internet_22003  6.493     2.701     80         79.898
vcam_24000      7.499     5.607     99.999     99.603
vcam_24001      7.284     5.587     99.999     99.855
vcam_24002      7.114     5.64      99.999     99.594
vcam_24003      7.273     4.434     99.999     99.747
vctl_25000      10.274    3.565     100        99.91
vctl_25001      12.232    3.253     99.999     99.926
vctl_25002      11.457    4.542     99.999     99.879
vctl_25003      10.839    3.355     100        99.943
598.684
319.767
398.799
399.659
100M-100M-150M-80M-100-1

flow            send-CPU  recv-CPU  send-Mbps  recv-Mbps
internet_21000  10.732    4.448     149.999    149.994
internet_21001  11.143    4.439     149.999    149.992
internet_21002  10.698    5.226     149.999    149.998
internet_21003  10.703    6.306     149.999    149.994
internet_22000  6.584     2.716     80         79.977
internet_22001  8.095     3.411     79.999     79.976
internet_22002  9.144     3.744     80         79.976
internet_22003  9.471     3.319     80         79.976
vcam_24000      7.741     4.967     99.999     99.997
vcam_24001      7.424     5.48      99.999     99.998
vcam_24002      7.391     5.637     99.999     99.996
vcam_24003      7.332     5.403     99.999     99.996
vctl_25000      11.026    3.518     100        99.968
vctl_25001      10.684    4.232     100        99.968
vctl_25002      9.174     3.664     100        99.968
vctl_25003      10.943    3.329     99.999     99.967
599.979
319.905
399.987
399.872
100M-100M-150M-80M-100-2

flow            send-CPU  recv-CPU  send-Mbps  recv-Mbps
internet_21000  10.426    5.054     149.999    149.752
internet_21001  11.325    5.04      149.999    149.988
internet_21002  11.086    4.719     149.999    149.991
internet_21003  10.648    4.65      149.999    149.885
internet_22000  7.144     2.678     79.999     79.976
internet_22001  6.918     2.86      79.999     79.976
internet_22002  6.934     2.744     80         79.977
internet_22003  6.811     2.9       79.999     79.976
vcam_24000      7.794     6.465     99.999     99.931
vcam_24001      7.436     4.779     99.999     99.891
vcam_24002      7.671     3.581     99.999     99.988
vcam_24003      7.549     5.57      99.999     99.895
vctl_25000      13.397    4.829     110        109.964
vctl_25001      15.184    4.388     110        109.964
vctl_25002      12.605    3.73      110        109.963
vctl_25003      14.812    4.911     110        109.959
599.616
319.904
399.705
439.85
100M-110M-150M-80M-100-1

flow            send-CPU  recv-CPU  send-Mbps  recv-Mbps
internet_21000  10.527    5.861     149.999    149.966
internet_21001  11.214    4.694     149.999    149.994
internet_21002  10.624    5.76      149.999    149.992
internet_21003  10.533    5.37      149.999    149.992
internet_22000  6.344     2.701     79.996     79.973
internet_22001  8.253     5.793     79.999     79.976
internet_22002  9.391     2.77      80         79.977
internet_22003  9.793     2.846     80         79.977
vcam_24000      7.596     6.446     99.999     99.993
vcam_24001      7.285     6.397     99.999     99.996
vcam_24002      7.449     7.133     99.999     99.996
vcam_24003      7.329     4.404     99.999     99.991
vctl_25000      12.524    6.521     109.999    109.963
vctl_25001      11.108    3.678     109.999    109.964
vctl_25002      11.836    5.805     110        109.96
vctl_25003      9.913     3.77      109.999    109.96
599.944
319.903
399.976
439.848
100M-110M-150M-80M-100-2

flow            send-CPU  recv-CPU  send-Mbps  recv-Mbps
internet_21000  10.329    4.556     149.999    149.989
internet_21001  10.813    6.714     149.999    149.979
internet_21002  10.586    8.127     149.999    149.994
internet_21003  10.77     7.83      149.999    149.996
internet_22000  6.703     3.239     80         79.976
internet_22001  8.765     2.756     80         79.976
internet_22002  6.986     2.673     80         79.976
internet_22003  8.352     2.684     80         79.976
vcam_24000      7.488     4.033     99.999     99.998
vcam_24001      7.343     4.749     99.999     99.992
vcam_24002      7.311     4.745     99.999     99.993
vcam_24003      7.277     4.62      99.999     99.992
vctl_25000      11.272    3.92      120        119.959
vctl_25001      11.963    3.841     119.999    119.959
vctl_25002      10.006    3.831     120        119.956
vctl_25003      10.937    4.156     120        119.955
599.959
319.905
399.976
479.83
100M-120M-150M-80M-100-1

flow            send-CPU  recv-CPU  send-Mbps  recv-Mbps
internet_21000  10.446    4.381     149.999    149.871
internet_21001  10.864    8.17      149.999    149.992
internet_21002  10.601    6.716     149.999    149.75
internet_21003  10.559    8.317     149.999    149.997
internet_22000  7.609     2.694     79.999     79.964
internet_22001  8.782     3.115     80         79.973
internet_22002  9.53      3.068     80         79.975
internet_22003  8.877     3.237     80         79.973
vcam_24000      7.829     5.513     99.999     99.947
vcam_24001      7.12      5.331     99.999     99.982
vcam_24002      7.277     5.52      99.999     99.956
vcam_24003      7.23      4.816     99.999     99.993
vctl_25000      11.944    4.573     119.996    119.956
vctl_25001      12.413    6.201     119.999    119.958
vctl_25002      12.205    3.905     119.999    119.954
vctl_25003      10.946    3.915     120        119.956
599.61
319.886
399.878
479.824
100M-120M-150M-80M-100-2

flow            send-CPU  recv-CPU  send-Mbps  recv-Mbps
internet_21000  10.427    5.006     149.999    149.905
internet_21001  11.058    5.04      149.999    149.936
internet_21002  10.392    6.06      149.999    149.994
internet_21003  13.958    7.009     149.999    149.994
internet_22000  7.154     3.975     79.999     79.961
internet_22001  7.66      3.644     79.999     79.969
internet_22002  6.654     2.785     80         79.981
internet_22003  7.749     3.966     80         79.968
vcam_24000      7.546     3.925     99.999     99.965
vcam_24001      7.61      4.193     99.999     99.993
vcam_24002      7.285     5.573     99.999     99.999
vcam_24003      7.355     4.144     99.999     99.975
vctl_25000      12.369    4.869     130        129.951
vctl_25001      12.791    4.143     129.999    129.941
vctl_25002      16.408    4.697     130        129.953
vctl_25003      15.79     4.582     130        129.956
599.828
319.879
399.932
519.802
100M-130M-150M-80M-100-1

flow            send-CPU  recv-CPU  send-Mbps  recv-Mbps
internet_21000  10.612    5.168     149.999    149.934
internet_21001  10.979    5.169     149.999    149.928
internet_21002  10.498    5.193     149.999    149.986
internet_21003  10.359    4.842     149.999    149.993
internet_22000  6.81      3.308     79.999     79.976
internet_22001  6.614     5.476     80         79.976
internet_22002  6.761     3.453     80         79.976
internet_22003  7.252     2.724     80         79.976
vcam_24000      7.313     3.717     99.999     99.995
vcam_24001      7.409     4.884     99.999     99.996
vcam_24002      7.219     4.091     99.999     99.995
vcam_24003      7.275     5.83      99.999     99.997
vctl_25000      15.483    4.405     129.999    129.955
vctl_25001      17.572    4.159     129.999    129.954
vctl_25002      13.668    4.618     130        129.955
vctl_25003      12.408    4.108     129.999    129.956
599.842
319.904
399.983
519.82
100M-130M-150M-80M-100-2

flow            send-CPU  recv-CPU  send-Mbps  recv-Mbps
internet_21000  10.284    4.511     149.999    149.876
internet_21001  10.697    8.027     149.999    148.883
internet_21002  10.509    9.011     149.999    149.982
internet_21003  10.496    8.898     149.999    149.99
internet_22000  7.059     2.678     80         79.976
internet_22001  9.283     2.772     79.999     79.976
internet_22002  8.854     2.859     79.999     79.976
internet_22003  7.229     2.648     80         79.977
vcam_24000      7.648     3.709     99.999     99.977
vcam_24001      7.086     3.892     99.999     99.996
vcam_24002      7.259     3.766     99.999     99.998
vcam_24003      7.218     5.008     99.999     99.991
vctl_25000      12.544    4.506     139.999    139.95
vctl_25001      12.192    4.779     139.999    139.951
vctl_25002      10.876    4.372     139.999    139.951
vctl_25003      11.053    4.746     139.999    139.95
598.732
319.905
399.963
559.802
100M-140M-150M-80M-100-1

flow            send-CPU  recv-CPU  send-Mbps  recv-Mbps
internet_21000  10.368    4.418     149.999    149.938
internet_21001  10.839    8.372     149.999    149.686
internet_21002  10.253    8.378     149.999    149.977
internet_21003  10.491    8.252     149.999    149.994
internet_22000  7.866     2.67      79.999     79.976
internet_22001  8.384     3.345     79.999     79.976
internet_22002  6.448     3.693     80         79.976
internet_22003  8.902     3.279     80         79.976
vcam_24000      7.167     3.989     99.999     99.875
vcam_24001      7.443     5.104     99.999     99.781
vcam_24002      7.515     6.415     99.999     99.877
vcam_24003      7.273     4.566     99.999     99.94
vctl_25000      11.563    6.28      140        139.949
vctl_25001      14.347    7.153     140        139.952
vctl_25002      12.923    7.285     140        139.952
vctl_25003      12.293    5.108     139.999    139.946
599.596
319.905
399.473
559.799
100M-140M-150M-80M-100-2

flow            send-CPU  recv-CPU  send-Mbps  recv-Mbps
internet_21000  10.385    4.354     149.999    148.682
internet_21001  10.601    7.734     149.999    149.539
internet_21002  10.504    8.195     149.999    149.937
internet_21003  10.543    8.126     149.999    149.848
internet_22000  8.14      2.709     80         79.965
internet_22001  7.496     3.825     80         79.743
internet_22002  6.974     3.083     80         79.947
internet_22003  8.104     3.427     80         79.966
vcam_24000      18.389    4.667     99.999     99.997
vcam_24001      6.756     3.968     99.999     99.508
vcam_24002      7.247     4.727     99.999     99.983
vcam_24003      7.334     3.981     99.999     99.728
vctl_25000      13.214    12.632    149.999    149.818
vctl_25001      13.368    6.74      149.999    149.822
vctl_25002      11.206    4.824     149.999    149.88
vctl_25003      11.451    4.811     149.999    149.886
598.005
319.621
399.216
599.406
100M-150M-150M-80M-100-1

flow            send-CPU  recv-CPU  send-Mbps  recv-Mbps
internet_21000  10.381    4.541     149.999    149.954
internet_21001  10.87     5.445     149.999    149.973
internet_21002  10.681    6.385     149.999    149.986
internet_21003  10.584    6.861     149.999    149.994
internet_22000  7.961     2.918     79.999     79.974
internet_22001  7.159     2.84      80         79.969
internet_22002  6.799     3.136     80         79.975
internet_22003  8.057     3.81      80         79.976
vcam_24000      7.237     3.46      99.999     99.963
vcam_24001      7.153     4.828     99.999     99.989
vcam_24002      7.455     4.073     99.999     99.953
vcam_24003      7.47      5.582     99.999     99.993
vctl_25000      13.891    6.691     149.999    149.936
vctl_25001      15.906    5.61      150        149.939
vctl_25002      17.802    6.954     150        149.946
vctl_25003      18.791    6.75      149.999    149.937
599.907
319.894
399.898
599.758
100M-150M-150M-80M-100-2

flow            send-CPU  recv-CPU  send-Mbps  recv-Mbps
internet_21000  10.437    4.645     149.999    149.742
internet_21001  11.087    5.645     149.999    149.964
internet_21002  10.41     5.487     149.999    149.939
internet_21003  10.428    5.827     149.999    149.938
internet_22000  6.984     2.593     79.999     73.889
internet_22001  7.012     3.084     80         71.942
internet_22002  7.442     2.996     80         79.518
internet_22003  6.494     2.719     80         74.49
vcam_24000      7.901     4.776     99.999     99.851
vcam_24001      7.382     3.992     99.999     99.993
vcam_24002      7.618     7.396     99.999     99.913
vcam_24003      7.432     7.339     99.999     99.912
vctl_25000      15.318    5.118     159.999    159.695
vctl_25001      17.667    5.369     159.999    159.704
vctl_25002      15.291    5.04      160        159.799
vctl_25003      13.775    5.608     159.999    159.686
599.583
299.84
399.669
638.884
100M-160M-150M-80M-100-1

flow            send-CPU  recv-CPU  send-Mbps  recv-Mbps
internet_21000  10.277    5.212     149.999    149.932
internet_21001  10.559    4.634     149.999    149.982
internet_21002  10.154    4.482     149.999    149.972
internet_21003  10.163    5.574     149.999    149.988
internet_22000  6.361     2.532     80         74.403
internet_22001  6.585     2.79      80         73.686
internet_22002  7.773     2.229     80         66.301
internet_22003  7.444     2.721     80         74.566
vcam_24000      7.766     3.644     99.999     99.995
vcam_24001      6.846     4.42      99.999     99.995
vcam_24002      7.081     3.805     99.999     99.996
vcam_24003      7.638     4.172     99.999     99.994
vctl_25000      16.642    5.344     160        159.728
vctl_25001      17.413    6.849     159.999    159.362
vctl_25002      12.815    6.109     160        157.787
vctl_25003      12.717    5.008     160        159.103
599.875
288.956
399.981
635.98
100M-160M-150M-80M-100-2

flow            send-CPU  recv-CPU  send-Mbps  recv-Mbps
internet_21000  10.651    4.447     149.999    149.718
internet_21001  11.131    5.648     149.999    149.946
internet_21002  10.606    5.278     149.999    149.922
internet_21003  10.742    6.09      149.999    149.995
internet_22000  7.419     2.689     79.999     69.517
internet_22001  8.364     2.023     80         46.434
internet_22002  8.054     2.918     79.999     77.39
internet_22003  8.65      2.508     80         67.823
vcam_24000      7.775     4.026     99.999     99.881
vcam_24001      7.463     3.415     99.999     99.984
vcam_24002      7.489     8.365     99.999     99.917
vcam_24003      7.552     5.941     99.999     99.944
vctl_25000      19.776    5.91      170        169.892
vctl_25001      19.216    5.4       170        169.873
vctl_25002      17.625    5.93      169.999    169.884
vctl_25003      19.265    6.566     170        169.877
599.58
261.164
399.726
679.525
100M-170M-150M-80M-100-1

flow            send-CPU  recv-CPU  send-Mbps  recv-Mbps
internet_21000  10.337    4.405     149.999    149.922
internet_21001  11.079    8.556     149.999    149.989
internet_21002  10.487    4.562     149.999    149.964
internet_21003  10.609    8.498     149.999    149.993
internet_22000  6.795     2.693     80         78.228
internet_22001  8.957     2.505     79.999     56.093
internet_22002  8.661     2.161     79.999     52.883
internet_22003  9.645     2.901     80         68.05
vcam_24000      7.731     3.825     99.999     99.978
vcam_24001      7.348     3.743     99.999     99.965
vcam_24002      7.285     4.809     99.999     99.996
vcam_24003      7.038     4.554     99.999     99.997
vctl_25000      19.531    6.272     170        169.135
vctl_25001      21.705    5.709     170        168.845
vctl_25002      14.79     5.305     169.999    168.899
vctl_25003      15.648    6.855     170        169.704
599.869
255.255
399.936
676.582
100M-170M-150M-80M-100-2

flow            send-CPU  recv-CPU  send-Mbps  recv-Mbps
internet_21000  10.481    5.966     149.999    149.992
internet_21001  10.97     4.723     149.999    149.982
internet_21002  10.321    5.049     149.999    149.936
internet_21003  10.363    5.224     149.999    149.945
internet_22000  8.094     3.106     80         78.027
internet_22001  7.04      0.767     79.999     14.827
internet_22002  6.599     2.915     79.999     77.032
internet_22003  6.593     1.96      79.999     50.579
vcam_24000      7.644     6.37      99.999     99.994
vcam_24001      7.106     7.306     99.999     99.997
vcam_24002      7.423     3.487     99.999     99.966
vcam_24003      7.468     3.647     99.999     99.881
vctl_25000      20.291    6.231     179.999    179.434
vctl_25001      17.597    6.605     180        179.562
vctl_25002      18.934    6.799     179.999    179.501
vctl_25003      19.598    6.939     179.999    179.428
599.854
220.466
399.838
717.925
100M-180M-150M-80M-100-1

flow            send-CPU  recv-CPU  send-Mbps  recv-Mbps
internet_21000  10.421    4.367     149.999    148.399
internet_21001  10.751    6.875     149.999    149.987
internet_21002  10.726    6.92      149.999    149.992
internet_21003  10.527    5.12      149.999    149.984
internet_22000  7.523     2.018     80         48.245
internet_22001  6.952     2.874     80         69.474
internet_22002  7.625     3.112     79.999     71.957
internet_22003  6.905     1.304     80         32.202
vcam_24000      7.288     3.743     99.999     99.725
vcam_24001      7.299     6.606     99.999     99.978
vcam_24002      7.552     3.403     99.999     99.991
vcam_24003      7.308     6.611     99.999     99.986
vctl_25000      15.227    6.626     179.999    179.887
vctl_25001      16.902    5.659     180        179.893
vctl_25002      18.49     6.931     179.999    179.888
vctl_25003      18.109    5.975     180        179.881
598.362
221.878
399.679
719.549
100M-180M-150M-80M-100-2

flow            send-CPU  recv-CPU  send-Mbps  recv-Mbps
internet_21000  10.488    4.461     149.999    149.578
internet_21001  10.83     6.585     149.999    149.99
internet_21002  10.356    4.9       149.999    149.951
internet_21003  10.508    5.264     149.999    149.994
internet_22000  6.618     2.304     80         56.62
internet_22001  7.533     3.067     79.999     77.423
internet_22002  6.421     1.019     80         22.98
internet_22003  7.013     1.442     80         33.132
vcam_24000      7.815     3.244     99.999     99.655
vcam_24001      7.634     4.17      99.999     99.945
vcam_24002      7.309     3.82      99.999     99.854
vcam_24003      7.04      3.727     99.999     99.932
vctl_25000      21.26     7.783     189.999    188.872
vctl_25001      23.921    7.576     189.999    187.171
vctl_25002      15.117    5.931     189.999    189.707
vctl_25003      15.053    7.001     189.999    185.328
599.513
190.155
399.386
751.078
100M-190M-150M-80M-100-1

flow            send-CPU  recv-CPU  send-Mbps  recv-Mbps
internet_21000  10.691    5.648     149.999    143.837
internet_21001  11.221    4.434     149.999    141.8
internet_21002  10.683    5.366     149.999    143.659
internet_21003  10.921    4.454     149.999    144.096
internet_22000  6.633     2.45      79.999     62.618
internet_22001  7.769     2.116     79.999     50.568
internet_22002  7.017     2.033     80         50.071
internet_22003  7.846     0.844     80         18.966
vcam_24000      7.508     4.379     99.999     95.468
vcam_24001      7.586     5.147     99.999     96.062
vcam_24002      7.097     4.096     99.999     95.288
vcam_24003      7.533     3.907     99.999     95.46
vctl_25000      15.76     7.003     189.999    181.675
vctl_25001      17.172    6.568     189.999    177.685
vctl_25002      14.325    6.7       190        179.596
vctl_25003      14.13     5.952     189.999    180.259
573.393
182.223
382.278
719.216
100M-190M-150M-80M-100-2

flow            send-CPU  recv-CPU  send-Mbps  recv-Mbps
internet_21000  10.589    4.408     149.999    146.697
internet_21001  11.034    7.876     149.999    149.99
internet_21002  10.496    8.103     149.999    149.99
internet_21003  10.464    7.513     149.999    149.987
internet_22000  8.522     2.201     80         54.961
internet_22001  8.462     2.444     80         58.76
internet_22002  9.463     1.443     80         33.98
internet_22003  7.026     1.864     80         42.508
vcam_24000      7.581     6.708     99.999     99.965
vcam_24001      7.517     5.909     99.999     99.874
vcam_24002      7.5       3.582     99.999     99.994
vcam_24003      7.521     7.126     99.999     99.879
vctl_25000      15.682    5.48      199.999    169.872
vctl_25001      20.966    7.318     200        192.417
vctl_25002      21.456    6.833     200        194.84
vctl_25003      22.354    7.221     199.999    194.85
596.665
190.208
399.712
751.979
100M-200M-150M-80M-100-1

flow            send-CPU  recv-CPU  send-Mbps  recv-Mbps
internet_21000  10.461    6.016     149.999    142.937
internet_21001  10.983    4.836     149.999    134.367
internet_21002  10.484    4.8       149.999    142.604
internet_21003  10.353    5.663     149.999    142.812
internet_22000  7.196     2.333     79.999     62.084
internet_22001  7.849     2.63      80         67.843
internet_22002  6.486     0.474     80         10.192
internet_22003  6.727     1.021     80         25.225
vcam_24000      7.527     3.664     99.999     95.101
vcam_24001      7.421     4.334     99.999     95.399
vcam_24002      7.352     3.949     99.999     95.376
vcam_24003      17.573    3.422     99.999     95.425
vctl_25000      18.284    6.3       199.999    185
vctl_25001      19.898    5.879     200        184.828
vctl_25002      14.605    4.677     199.999    143.829
vctl_25003      15.233    12.442    199.999    183.496
562.72
165.344
381.301
697.153
100M-200M-150M-80M-100-2

flow            send-CPU  recv-CPU  send-Mbps  recv-Mbps
internet_21000  10.497    4.839     149.999    149.926
internet_21001  10.748    8.627     149.999    149.987
internet_21002  10.618    6.951     149.999    149.962
internet_21003  10.563    8.532     149.999    149.995
internet_22000  8.758     1.235     80         31.608
internet_22001  9.881     1.027     80         23.542
internet_22002  8.063     3.041     79.999     69.762
internet_22003  8.373     2.441     80         65.421
vcam_24000      7.831     6.152     99.999     99.996
vcam_24001      7.315     5.778     99.999     99.992
vcam_24002      7.314     6.153     99.999     99.995
vcam_24003      7.358     5.19      99.999     99.994
vctl_25000      18.152    6.874     209.999    209.12
vctl_25001      16.417    6.32      210        204.452
vctl_25002      16.939    7.305     209.999    209.912
vctl_25003      17.28     4.139     209.999    129.092
599.87
190.333
399.976
752.576
100M-210M-150M-80M-100-1

flow            send-CPU  recv-CPU  send-Mbps  recv-Mbps
internet_21000  10.394    4.833     149.999    149.781
internet_21001  10.773    6.412     149.999    149.987
internet_21002  10.439    6.005     149.999    149.994
internet_21003  13.23     5.219     149.999    149.998
internet_22000  7.092     2.165     80         54.246
internet_22001  8.184     2.305     79.999     56.757
internet_22002  8.33      1.852     80         45.937
internet_22003  6.863     1.272     80         23.964
vcam_24000      7.942     3.26      99.999     99.928
vcam_24001      7.459     4.074     99.999     99.997
vcam_24002      7.24      5.252     99.999     99.932
vcam_24003      7.065     5.351     99.999     99.94
vctl_25000      22.578    7.788     209.999    169.56
vctl_25001      24.471    5.729     209.999    158.574
vctl_25002      15.625    6.369     210        206.724
vctl_25003      15.877    7.064     209.999    206.567
599.761
180.904
399.796
741.424
100M-210M-150M-80M-100-2

