125M-t300
flow            send-CPU  recv-CPU  send-Mbps  recv-Mbps
internet_20000  8.935     8.207     125        101.951
internet_20001  8.975     8.315     125        123.029
internet_20002  8.972     8.387     125        123.594
internet_20003  8.783     8.295     125        124.808
internet_21000  8.931     3.638     89.334     89.266
internet_21001  8.958     3.561     90.189     90.097
internet_21002  9.005     3.634     90.612     90.198
internet_21003  9.228     3.609     95.104     92.078
vcam_20000      8.892     7.184     125        124.938
vcam_20001      8.891     7.397     125        124.948
vcam_20002      8.647     6.628     125        124.989
vcam_20003      8.633     6.627     125        124.988
vctl_20000      7.162     5.576     125        124.941
vctl_20001      12.377    5.156     124.998    124.945
vctl_20002      12.061    5.236     125        124.976
vctl_20003      12.177    5.02      125        124.955

vcam_20 499.864
vctl_20 499.817
internet_20 473.383
internet_21 361.64

135M-t300
flow            send-CPU  recv-CPU  send-Mbps  recv-Mbps
internet_20000  9.31      7.655     135        132.558
internet_20001  9.381     7.68      135        126.383
internet_20002  9.5       7.625     135        98.651
internet_20003  10.692    7.732     135        116.65
internet_21000  7.87      3.028     87.808     87.609
internet_21001  7.889     3.039     87.567     87.354
internet_21002  7.913     3.44      88.137     87.861
internet_21003  7.943     3.685     88.564     88.183
vcam_20000      10.27     6.011     135        134.59
vcam_20001      10.087    4.906     135        134.998
vcam_20002      8.93      4.865     135        134.904
vcam_20003      9.984     4.145     135        134.999
vctl_20000      9.92      4.928     135        134.923
vctl_20001      9.405     4.882     134.998    134.65
vctl_20002      7.324     5.856     135        134.904
vctl_20003      9.381     4.331     134.998    134.953

vcam_20 539.492
vctl_20 539.43
internet_20 474.242
internet_21 351.007

145M-t300
flow            send-CPU  recv-CPU  send-Mbps  recv-Mbps
internet_20000  10.561    11.269    145        144.953
internet_20001  10.183    11.409    145        108.322
internet_20002  9.965     11.491    145        123.315
internet_20003  11.041    11.506    145        109.422
internet_21000  11.597    3.341     88.917     88.856
internet_21001  11.639    3.59      88.702     88.61
internet_21002  11.839    3.455     90.114     89.896
internet_21003  11.761    4.027     89.039     88.732
vcam_20000      10.437    10.158    145        144.846
vcam_20001      10.155    7.523     145        142.903
vcam_20002      9.792     9.132     145        144.646
vcam_20003      9.943     10.74     145        144.675
vctl_20000      11.219    5.275     145        144.961
vctl_20001      16.582    6.101     144.998    144.93
vctl_20002      17.486    5.727     145        144.966
vctl_20003      18.584    5.411     144.998    144.946

vcam_20 577.071
vctl_20 579.802
internet_20 486.012
internet_21 356.093

145M-t10000
flow            send-CPU  recv-CPU  send-Mbps  recv-Mbps
internet_20000  10.056    15.146    145        133.748
internet_20001  10.407    14.712    145        112.183
internet_20002  10.573    14.707    145        144.478
internet_20003  11.611    9.465     145        68.787
internet_21000  15.25     3.564     107.279    107.236
internet_21001  15.252    3.882     106.789    106.746
internet_21002  15.253    3.869     107.589    107.544
vcam_20000      9.941     11.014    145        144.985
vcam_20001      9.944     12.821    145        144.615
vcam_20002      10.12     6.819     145        133.903
vcam_20003      9.992     12.478    145        144.544
vctl_20000      20.085    5.748     145        144.93
vctl_20001      20.459    6.471     145        144.934
vctl_20002      18.145    4.722     145        144.979
vctl_20003      14.128    5.072     145        144.984

vcam_20 568.048
vctl_20 579.827
internet_20 459.195
jq: error (at iperf3/internet_21003_c.json:21): null (null) and number (100) cannot be divided
internet_21





flow            send-CPU  recv-CPU  send-Mbps  recv-Mbps
internet_21000  7.306     3.621     109.999    109.989
internet_21001  7.496     6.031     109.999    109.997
internet_21002  7.342     5         109.999    109.99
internet_21003  7.409     4.824     109.999    109.987
internet_22000  20.39     1.859     109.999    51.097
internet_22001  9.702     4.479     110        109.964
internet_22002  11.344    3.66      110        106.609
internet_22003  11.629    2.16      110        46.404
vcam_24000      8.056     4.955     109.999    109.998
vcam_24001      7.996     5.691     109.999    109.999
vcam_24002      7.577     6.615     109.999    109.999
vcam_24003      7.623     8.432     109.999    109.999
vctl_25000      10.347    3.716     110        109.967
vctl_25001      9.668     4.988     109.999    109.962
vctl_25002      15.638    4.954     110        109.962
vctl_25003      15.452    5.47      109.999    109.966
439.963
314.074
439.994
439.858
110M-110M-110M-110M-100-1

flow            send-CPU  recv-CPU  send-Mbps  recv-Mbps
internet_21000  8.118     3.734     119.999    119.997
internet_21001  8.202     8.014     119.999    119.997
internet_21002  8.009     4.21      119.999    119.999
internet_21003  7.952     5.671     119.999    119.996
internet_22000  12.244    4.037     119.999    119.764
internet_22001  14.575    2.344     120        66.298
internet_22002  11.14     1.203     120        31.067
internet_22003  10.541    2.091     119.999    58.212
vcam_24000      8.151     4.37      119.999    119.997
vcam_24001      8.1       6.03      119.999    119.996
vcam_24002      7.951     12.044    119.999    119.995
vcam_24003      8.139     4.224     119.999    119.997
vctl_25000      14.398    4.137     119.999    119.953
vctl_25001      15.166    4.207     119.999    119.953
vctl_25002      14.401    3.933     119.999    119.953
vctl_25003      9.723     4.062     120        119.957
479.989
275.341
479.985
479.815
120M-120M-120M-120M-100-1

flow            send-CPU  recv-CPU  send-Mbps  recv-Mbps
internet_21000  8.444     3.91      129.999    129.996
internet_21001  8.763     4.997     129.999    129.996
internet_21002  8.865     7.096     129.999    129.997
internet_21003  8.312     3.983     129.999    129.997
internet_22000  13.96     2.848     129.999    83.973
internet_22001  13.266    2.366     129.999    67.59
internet_22002  11.623    3.501     130        81.788
internet_22003  12.394    0.148     129.999    3.116
vcam_24000      9.226     8.871     129.999    129.992
vcam_24001      8.974     4.827     129.999    129.993
vcam_24002      8.602     8.09      129.999    129.995
vcam_24003      8.699     4.523     129.999    129.998
vctl_25000      11.979    4.363     130        129.954
vctl_25001      9.791     4.432     129.999    129.953
vctl_25002      14.103    4.206     129.999    129.952
vctl_25003      12.525    4.533     130        129.959
519.986
236.467
519.977
519.818
130M-130M-130M-130M-100-1

flow            send-CPU  recv-CPU  send-Mbps  recv-Mbps
internet_21000  9.468     4.601     139.999    139.989
internet_21001  8.656     6.361     139.999    139.99
internet_21002  9.438     6.624     139.999    139.996
internet_21003  9.436     6.652     139.999    139.992
internet_22000  21.638    2.297     139.999    48.432
internet_22001  10.876    0.235     139.999    5.941
internet_22002  15.789    2.374     140        67.107
internet_22003  16.644    3.501     139.999    76.751
vcam_24000      9.735     5.426     139.999    139.93
vcam_24001      9.57      7.846     139.999    139.963
vcam_24002      9.227     11.113    139.999    139.996
vcam_24003      9.141     9.06      139.999    139.997
vctl_25000      13.858    4.656     139.999    139.948
vctl_25001      14.281    4.822     139.999    139.954
vctl_25002      10.293    9.207     139.999    139.946
vctl_25003      10.218    6.181     140        139.949
559.968
198.231
559.886
559.798
140M-140M-140M-140M-100-1

flow            send-CPU  recv-CPU  send-Mbps  recv-Mbps
internet_21000  9.355     8.327     149.999    145.612
internet_21001  9.448     5.239     149.999    145.962
internet_21002  9.239     8.914     149.999    145.799
internet_21003  9.96      8.06      149.999    145.65
internet_22000  13.166    0.358     149.999    7.218
internet_22001  15.51     0.487     150        10.41
internet_22002  15.898    0.137     150        3.705
internet_22003  12.582    6.374     149.999    134.816
vcam_24000      12.136    5.588     149.999    146.026
vcam_24001      10.19     7.032     149.999    145.98
vcam_24002      10.146    4.898     149.999    145.92
vcam_24003      9.665     7.863     149.999    145.85
vctl_25000      14.712    6.948     149.999    145.941
vctl_25001      10.987    7.565     150        145.95
vctl_25002      16.661    6.388     149.999    145.942
vctl_25003      19.9      4.74      149.999    145.934
583.024
156.149
583.777
583.768
150M-150M-150M-150M-100-1
